-0.08368139104162042	-0.4114518038799009
-0.020573680158202046	-0.13978624697251318
-0.2136451973900384	-0.17224058074106252
0.1614863012259129	-0.4656718025256492
-0.4391545212161587	0.28009969507986243
-0.32295813219392444	0.24205583635751482
-0.22114710019095474	0.4410226520153082
-0.48838922075491076	-0.24834736409365454
0.10021945460057824	0.31665557344803297
-0.12900183399847376	0.2776108167404554
0.2571763934253246	-0.43416897726685744
-0.2333149137297551	0.04514428182295749
0.43888395757340204	-0.2613972202142326
0.486628091861682	0.49264810575893236
-0.46701314716289766	0.008588813182064392
0.22751916082997048	-0.022992926889232268
-0.2818825684492774	0.2451081134733516
0.24860064121626702	0.4669143665008739
-0.4597287701179045	-0.2846561322600597
0.00327324256355499	0.1613680602673413
0.3534283836321831	0.18429238923657676
-0.29727775456712824	-0.3625736884562972
-0.14613984913090317	-0.32008917334220266
-0.4703433861949954	-0.34364596766428634
-0.10901122059678026	-0.16837063852212397
0.12446630286551885	-0.45907749283932986
0.3711030920057473	0.33032944026036537
0.34868295868502774	-0.23256652924836663
0.3006841321182282	-0.18925364972289538
-0.48719317421412356	-0.34198208447717215
-0.3116450179146766	0.39437944019960913
0.32104049665470846	-0.4023015817842227
-0.07759053681402628	-0.2762211604233946
-0.34823990475233335	-0.07846006540832395
0.4909970214807484	-0.42831153380258613
-0.18270528135051278	-0.0223857324325496
-0.17602503681458914	-0.12989682890854148
-0.407618982226315	0.2338874426759019
-0.4367331891376668	0.17067606608588115
0.10300179759981554	0.27243244168566116
0.4829416299145133	0.13805698927077303
-0.22179882468345635	-0.14189765362104478
-0.4587293518485417	0.1752878834453898
-0.2724958587983699	-0.1686886239728297
0.195982135652901	0.06940182510177373
0.4288633893495296	-0.4567932907993705
0.17121001672095693	0.48680161783458087
0.49414936460610703	-0.4911490816438149
-0.4119325278850843	-0.4750792850569763
0.0192905972715397	0.3496214512491461
0.2391960647021667	-0.4601138351170212
0.022804459298159108	0.18605402574495422
0.45089455659961974	-0.3517870282487313
-0.2921353139074161	0.01218630118480668
-0.33682248171185725	-0.02949122974397045
-0.3123050016626584	0.46009988047355177
0.022802457221049344	0.1919462449962227
0.003302647620559318	-0.3273698803124758
0.45598920707777957	-0.00880042135818826
-0.2848601235759979	0.4695954617973195
0.2834877336536653	0.26381047892722054
-0.3479411825472368	0.398772188257531
-0.022934087629423394	-0.10393135845307766
0.4084321655175339	0.05705924036207766
-0.2748808965633368	0.03149904369204681
-0.27519019238001785	0.3786078944949096
0.41985877563623686	-0.06347367363714318
-0.14210361458538423	0.006193050700670777
0.44366477176190966	0.3390322469324505
0.4234329125119627	-0.13161757638828508
0.23800907062388554	-0.4498317768043746
0.02159558033406772	-0.12603989931186454
0.29921271600848753	-0.4657270058822782
0.4234837787433203	0.48332677838536076
-0.23717980160187313	0.4666373082662941
-0.28409552484249434	0.1178069231958303
-0.24824791736075957	0.25107902308428576
-0.43619892323448317	-0.4072185792025219
0.19043294193603322	0.31991815091814824
0.40242005410621606	-0.30231385513981845
0.2246606653204809	-0.42479217065212305
-0.25931472202092476	0.012991710337037277
0.41822657637270877	0.43037912529436595
-0.41140055371953244	0.4006658746386772
0.26495517276516756	-0.37826820378612436
0.008881180246258835	-0.14798048714649636
-0.34823990475233335	-0.07846006540832395
0.4171233842876465	0.0861031443213488
-0.10980752779014602	0.4215893103603022
-0.002586168653047838	-0.05581112728648341
0.3582595603814541	-0.32003576871498074
0.19844795331662068	0.26436029726248655
-0.3943503059689608	0.3213649030121505
0.06849406807559089	-0.23105016330510708
0.05427294685688899	0.1101445216535738
0.18681064965128402	-0.38909303000721895
0.45078690881167915	-0.16754477143350188
-0.1750649058572834	-0.2684488943990778
0.486628091861682	0.49264810575893236
-0.12566726962780317	-0.25445998204944165
0.20882604563411067	0.4046589267646844
-0.11838827991424428	0.19660370910072555
-0.3123050016626584	0.46009988047355177
0.13433328180694837	-0.4219582842907561
0.22235747051481147	-0.19002858162676628
-0.3433197372680018	-0.3922830602577432
0.2391960647021667	-0.4601138351170212
-0.22114710019095474	0.4410226520153082
0.0757608136994471	0.22927433984469714
-0.049798590620549255	-0.2402341607251831
-0.35993277681273284	-0.3648449881966579
0.10917895804799627	-0.48016730951593034
0.26287639140315733	-0.4724089967283531
-0.2999718774324025	0.09942536074026465
-0.3146522807938138	0.33970270342043485
0.30797827524703913	0.48312520961284866
0.1611384018905121	-0.41703303305781214
-0.07856699117435295	0.27034782577312166
0.4215630558021676	-0.22379574825387394
0.19424219225119943	-0.04116979225228279
0.31607572661514993	0.45724561600320335
0.16714889633410013	0.10278592711793333
0.02528737694746741	-0.23566103724471943
-0.2487766419131875	-0.014753303062783774
-0.3841048169922968	-0.48994195156953124
-0.12900183399847376	0.2776108167404554
-0.12507900618949808	-0.3703073364810848
0.35968754646942136	-0.27206461584872965
0.2709234758992103	0.22788623241569572
-0.129841310270703	0.2612536201770346
-0.3497874361000243	0.2725177161068726
-0.3807587196076634	-0.20137572626850375
0.45303310019526843	0.10381708592088545
0.09584181026991845	-0.26682621212927116
-0.14894896930229784	0.28161539091597954
0.28117699052954137	-0.19212516595031837
-0.09798248888884886	0.29461855323610997
-0.2275949225812811	0.3185941313015751
-0.3671019826161984	0.346666158633388
0.2317226936470954	0.19043588891668317
-0.11822870069991454	-0.046447285689741435
-0.22107806835725186	0.46800363468494277
-0.15829638669415735	0.2086717667318141
0.3269172980539953	0.42415684535755926
-0.40868089407847474	-0.37332016004794366
-0.0803919285292789	-0.433632593485921
-0.07203597398310824	-0.1964503243356287
0.15086547721698096	-0.1453955050285033
-0.28619473045343213	-0.48587537710373674
0.23466039842371067	0.39669946013612256
0.39625461162573195	0.17061931365689198
0.2078069352311448	-0.11506791485256929
0.13549074951949425	0.15624064421149775
-0.47451748684240425	0.10486966069715342
-0.18139686480741002	-0.1142478069408317
0.18308241794809044	-0.08627046202100475
0.4585088392514517	-0.24814847748926172
-0.2566992890294363	0.0483660228937316
-0.1254731843779393	0.3814034023151084
0.12282764756366626	-0.20195089615556794
0.027932548091537113	-0.42089868414622233
0.4909970214807484	-0.42831153380258613
0.3984631903356899	-0.04629919017597606
0.2970356467454264	0.06416552955703003
-0.03419897696557783	0.11447993243256338
0.35638161327231754	-0.3033457968121982
-0.032722988791287544	-0.007160705495792841
0.32755614069078676	-0.2640500982676217
-0.31416356524221123	-0.4182294326433601
0.2716706788720462	-0.20654743288877553
0.29589499978545475	-0.02886258798183472
-0.03176114973852684	-0.4478138118593169
0.4317872680323268	-0.10472356175358732
0.44334587451650165	-0.02613003046227602
0.2502610087611472	0.2349797121031867
0.07234592921785321	-0.38739871633184164
0.22432885773169375	0.05988201189570541
0.12670006587500038	0.1465086163381768
0.20536429035674353	0.33806468058604255
0.17787379546414805	0.23712167124680372
0.4825927793513116	0.1942728578408236
-0.25439945781667894	-0.44939318296463915
-0.07507257996094352	0.01630939375367113
-0.03885718040312158	-0.4915404306107958
-0.22280591169781294	0.06560039703998888
0.46817917223054983	0.31783055421619255
-0.0728204310997086	-0.001941851614415624
-0.22545559346856292	0.40728507651128365
0.07824797879006784	0.07667743014540673
0.28348191587123583	-0.10435503193020013
-0.38168616319872484	-0.15240992076439897
0.07419870054025457	0.027317448446332437
0.2291424720294647	0.22531275120053085
0.4317872680323268	-0.10472356175358732
-0.3580467631088171	0.07021466199925563
0.23794552428967553	-0.08980673674187689
-0.1633951291843232	0.029104290211945494
0.4199165561623147	-0.08304767843438987
0.2970356467454264	0.06416552955703003
-0.3580467631088171	0.07021466199925563
0.416801668093316	-0.04701747168157222
-0.30186547543096676	0.2789297479130398
-0.0879094217294818	0.028470595339532778
0.04126103351935384	0.23932333904736625
0.15899872500661705	-0.1638829168247783
-0.09618649302967641	-0.3817717638033624
0.015686645339753835	0.057444757265064816
0.15524051678784745	-0.38169229667923676
-0.4867761419204938	-0.10361449936500255
0.2970356467454264	0.06416552955703003
0.06836546191357051	-0.06368237084817585
-0.26598363378029855	0.4035836493476881
-0.043399256580474055	0.3830857337477578
0.09073152605186585	0.07074389926628832
0.28310445794059	0.45537103239544174
0.18156455357144874	0.3808502747291601
-0.09664474676739099	-0.4831413334156618
-0.19038515046818183	0.2981725645135057
0.3983674059406035	0.3310365757114968
-0.4301275864239258	0.06059599862600196
-0.48806937648669746	0.06943040612345353
0.06257603832010328	-0.07596164211733136
0.44023050478255155	0.1912050292120877
0.00992027782645366	0.4230263844881643
0.44174391060938123	0.33819974833836697
-0.039821918247435084	0.36271311343214696
0.12401222206831652	-0.0382215217987415
-0.407618982226315	0.2338874426759019
0.11851771961257518	-0.4848837032396446
0.312400068306243	0.11235872741701969
-0.09234764278327812	-0.06768354524562015
-0.2302592408009999	-0.4417410476769563
0.09584181026991845	-0.26682621212927116
-0.08873511199498574	-0.38019743926015115
-0.2682717575892729	0.07189557115218381
-0.10714072097293192	-0.28676629549388644
0.1208519437881499	0.36458176216143656
-0.11838827991424428	0.19660370910072555
-0.4195745056258474	0.3283989628642898
0.47993475423427234	0.462313651568671
0.3108447961778784	0.2832456982913387
-0.07106904137320402	-0.30509697170434813
-0.40806257008717295	0.008567859822291912
0.0192905972715397	0.3496214512491461
0.15976512315918834	0.3572938944900198
0.33719561593960123	0.34984394558122567
0.4152181699685784	-0.0417416470768841
0.24860064121626702	0.4669143665008739
-0.4302248746035646	0.19785131127890354
0.15452098043323914	0.33069112647141763
0.13076453421451528	0.05896235773946401
0.09832705375920603	-0.4300790378124725
0.3677450787975556	-0.4170955277831925
-0.46880954845652545	0.132167353334111
-0.31733544753320153	-0.2750558381935557
0.1485365300308895	-0.10686493056479829
0.34699320369013686	0.14884722229151848
0.30576838808714424	-0.28599857856227595
0.028826364042204733	0.04262209006946438
-0.310055423566298	0.3366620590258812
-0.24302882565668027	0.4643387828563561
0.2727634776930119	0.38426441450559934
0.31607572661514993	0.45724561600320335
-0.24582464051058306	0.048909064634443666
0.216679604655589	0.35708060936087793
-0.08573010814690318	-0.34035043509814844
0.3856977081895012	0.41782878563490855
-0.4643582030080423	-0.14020002990172076
-0.31416356524221123	-0.4182294326433601
0.12201334797205632	0.2658094147084318
-0.11558600885723325	-0.08768535639307895
0.11034409899284581	-0.39405480724311426
0.47852909731769233	0.4791825971773157
-0.4547087842976073	0.1074453367299536
0.4328211393775866	0.45263376554245516
-0.1026115814059323	-0.26651724481502825
0.019114999657305454	0.4440967184046699
0.08108330840031985	0.24370612140178172
0.3494366674044007	0.03666644923083984
0.32704650955504566	0.4496939449257866
0.18756141549051641	-0.23058202453671583
-0.004773015897977406	-0.3777225468050438
0.33383602414246616	0.08805684063628794
0.10069143964894922	0.4468500328667131
0.022802457221049344	0.1919462449962227
-0.4275283674716136	0.1136355252711575
-0.1633951291843232	0.029104290211945494
0.49640678277893135	-0.1537031457085063
