0.3856977081895012	0.41782878563490855
-0.17962183598158876	-0.41682087687889435
-0.28409552484249434	0.1178069231958303
-0.054782161101079696	-0.296418094143729
0.1555451068030841	-0.26017963077659556
-0.4391545212161587	0.28009969507986243
0.20351287883296787	0.25472615051824676
-0.13235689321049915	0.45991980289246104
0.17335408341116543	0.13891309968860333
0.2939448322490573	0.37075351538843593
-0.08244324993584395	0.30613204092507973
-0.14613984913090317	-0.32008917334220266
0.3481471087866731	-0.18004756202761718
0.2508563336600421	-0.17210404813999614
-0.14431955807567742	0.059779122611962277
-0.4992776071446998	0.18863125340419573
0.2450378129893651	0.39750466894929937
0.1664197146129608	-0.4897580699867291
0.47437651714697404	0.032252611420720334
-0.33987500622635547	0.016717926246808568
-0.3988721354244289	0.3312979536766628
-0.3071762502833826	-0.4167974970165734
-0.37377886084607737	0.253364093340403
-0.48128552231097943	-0.1290932867096969
-0.20605184755642847	-0.13917395062989124
0.22432885773169375	0.05988201189570541
0.3972488300058593	0.0193895983697967
-0.4051948148012796	0.11352403744786166
0.4452594607834438	0.20303861244695132
-0.04975879220398649	-0.43257465438617815
-0.27484557771327656	0.340619629370278
-0.4190474014924982	0.36567262327390027
-0.22533870188420713	0.23106783856313862
-0.029419651430538818	0.055767943218257954
-0.40940894442387	-0.36750970327133314
0.28399591252988055	0.07779434074983693
0.11691686061199724	-0.3998903787101902
0.49170992795424673	0.11285560103883818
-0.28066390310551637	0.17723636056275516
0.08593102717153944	0.02725221959697144
-0.24302882565668027	0.4643387828563561
-0.33560343606960263	-0.36018770520044563
0.2116515765264544	0.1928934369996096
-0.37037999651507636	-0.2642754681387772
0.20639758128420427	-0.009167900924389016
0.09287307305749493	-0.4613322204565765
0.38137916304414365	-0.030418596543616228
-0.48719317421412356	-0.34198208447717215
0.4308895051771502	0.3258511000935349
0.34415591650743504	-0.12426121193167505
0.2998884825364154	0.4194738970127645
0.4672376474919854	0.408058626676556
0.011669785089234663	-0.03320793631658925
0.012272881265936286	0.2928224714327271
0.06785280468269295	0.04573756875249868
0.39625461162573195	0.17061931365689198
-0.2683506515989006	0.03640976777954219
-0.47451748684240425	0.10486966069715342
0.216679604655589	0.35708060936087793
0.4164127672987983	-0.22283792315803108
0.41475302159297545	-0.3129258517652903
-0.06569523861363469	0.40708074534786975
-0.323608344502351	-0.17846631775869448
-0.43565917155248557	-0.49656803404904515
0.21880017276023112	-0.08783592382566474
-0.04098838743784905	0.36470695860618496
-0.1467835232678999	0.41330320378506713
0.07021120507692802	-0.07215467938214581
0.3283781037251824	0.4899500977245681
-0.4750423703993001	0.4972004846301955
-0.15919699021456557	0.20115297294329082
0.10049439887271128	-0.14814429956686748
-0.24817230451758288	-0.42247995446571707
0.40983835133530044	-0.07660239879309705
0.2834877336536653	0.26381047892722054
0.07269076252207707	-0.41736169954796554
0.3795461137524738	0.07636642033507512
0.08005218790246293	0.48712236375929596
0.04952680267392695	0.3647679188381052
-0.0025779219747366078	0.04071414473187951
0.0598474104018214	0.21785813678602872
0.03222124812000404	0.22978474182143793
-0.280546008210092	-0.15499133889298122
0.10112451456384097	0.428504758428488
0.21741186721066164	-0.29319602519665666
-0.47903706293138226	-0.15194773260125838
0.16799568035438706	0.03388035755158936
-0.07147033405227587	-0.40814827198498294
0.32399852925227013	-0.07982357685507502
-0.09737699749230533	-0.44995163311919584
0.4972530439804349	-0.426072686595214
0.3178506714230448	-0.2829217758302913
-0.016116780346615456	0.33098195291080057
-0.06611795226337613	-0.36794283098636393
0.280238973186558	0.45310100994477465
-0.2897957771813655	-0.4079653456162513
0.13349526537217637	-0.011464435020922648
-0.4687749298845859	0.47493594358759994
-0.14248092045854566	-0.1467624391457686
-0.44316099971230105	-0.031797716490783
-0.17515627628496122	0.15019749011582673
-0.07904196345974646	-0.2414280464037214
-0.18168442032337606	-0.3040534304165756
0.4655997674812531	0.21022915823937605
-0.3654941119600814	-0.48334121066295466
0.15616642120590662	0.0011747000287068987
-0.09634256558462928	-0.1884405360301895
0.45716440097466493	-0.27163942836997845
0.49414936460610703	-0.4911490816438149
-0.2001438110921686	-0.17533140029079186
0.1866503987785625	-0.09055255963206998
0.12201334797205632	0.2658094147084318
-0.1374493876671361	-0.4717259393215414
-0.34353663889738395	-0.0503966709982282
-0.3116450179146766	0.39437944019960913
0.03207580844671154	-0.49222272066646144
-0.26402980901428363	0.1580295955713551
0.26561638341393345	0.1409219008987148
0.4587409796566059	0.27182858297502044
-0.4172448687855064	0.15671859117778242
-0.14551544709728648	-0.038324559679400405
0.18587823467384745	0.41023186454904226
-0.12671019138661466	0.02029267839952542
-0.4847558237979126	0.25256819099627703
-0.208127788227369	-0.2725185135194458
0.43140016921423285	-0.11351261510970512
0.4084321655175339	0.05705924036207766
-0.07581999869552558	0.1860884014677472
-0.4627551245693483	0.4256881811344786
-0.3807587196076634	-0.20137572626850375
-0.021974915209892254	-0.38931851959634933
-0.10909855971276339	0.14371392485264955
0.3982921258966041	-0.4968302552893641
-0.05251807156692723	0.2772082503963279
0.09600690702729486	-0.11536603361790221
0.16605299635445825	-0.33991617564925336
-0.29845491361901355	-0.046762758733748355
0.15654028884731808	0.38413289531182826
0.07824797879006784	0.07667743014540673
-0.2758611986936741	0.467651333314403
0.1477642618313474	-0.20359860648417205
0.15524051678784745	-0.38169229667923676
0.1208519437881499	0.36458176216143656
-0.34700632868298387	0.15035070366276793
0.3801000642248751	-0.19544872548816183
0.4586901655743766	0.35142939947896346
-0.4541336630143922	0.05532748005378407
0.3466236288176079	-0.029905766933199573
-0.23436457122658483	0.008764127878517436
-0.48827002589814816	-0.1898989579050978
0.460756785462366	0.48865073800968917
-0.4437839544906701	0.0767563611846116
0.13096570826682075	-0.261624736027266
-0.394776465916597	0.007279380011242398
0.08796011421877126	0.29899265311406786
0.40852807391355517	0.3582031762016822
0.3809417183642544	-0.27310937472251273
0.0512523316282133	-0.12868189802238528
-0.3904463165255725	0.0953216068499434
-0.4814724785991322	0.037606658220461275
-0.14111133751997007	0.1250805834444081
-0.4867761419204938	-0.10361449936500255
0.20875389046802206	-0.18067025883612153
0.1494391162257679	0.2800628416551242
-0.19622021049883176	-0.38137603443739887
0.16628808124052707	-0.12469000165988231
-0.03385723117432882	0.17957731058697768
0.34730518350981887	0.236593522619153
-0.43351398423236776	-0.4516168419685327
0.43040211290384445	-0.18611059469856106
0.4503241059330051	-0.028808716135673484
-0.22408638451714435	-0.19862662316366608
-0.0813954906859592	-0.13196213335913087
-0.19983154472803377	0.49682884065107624
0.012498788082494161	-0.10175324009715081
0.29123384596538693	-0.022200817341886503
-0.0478754801275616	0.16457489317672958
0.16106511993581807	0.45095284679897085
-0.4922444267602175	0.2793625706895726
-0.08579674133457804	-0.051773519200646656
-0.25946367482191934	-0.22295789155578372
0.38566285185340965	0.28924747368802106
0.324188582901342	-0.3088694655019454
0.12384241847641331	0.4555032035260096
-0.3852163954005947	0.31267707116293764
-0.30373369676570716	0.31537107492604866
0.054414940829241254	0.19409111613145302
-0.3722497249750284	-0.4038743399395801
-0.07967119409367118	-0.28163616710007666
0.39206572622427327	-0.3507907183343786
-0.45026069487369924	0.30230340496619357
0.21818190143962923	-0.15051089078081636
-0.14804712293833988	0.015055579414266718
-0.32493004479542364	-0.1284752926985987
0.14596591184158192	0.41664017711554424
-0.08620336278809959	0.3730877479395016
-0.054659909834104736	-0.21916207711674074
0.06271839590056061	-0.4701901132002543
0.15452098043323914	0.33069112647141763
-0.3335823787010832	0.03735989380824145
0.31107656539241	0.11001081320893014
-0.05264033650393174	0.11822366947699092
-0.25323607226144795	0.32489115323425843
-0.3375809237200791	0.2842465734817391
0.03646538820586853	0.027437870894637673
-0.3989865196160419	-0.45642659011060593
-0.016166627514870968	0.08511058862342169
0.018287548977306	0.38870454716119174
-0.2947340859514943	-0.35781518387886246
0.2687128473623638	-0.4320472547213836
-0.29378802111589175	0.08088702736430609
-0.2095232862230395	-0.016732429293651818
0.22530421404698253	-0.4132967340951702
0.10887009090632549	0.09961782044331713
-0.47136641992759076	-0.06431211266863945
0.3714270831603058	0.340476662334272
0.26742929780926983	-0.09303356059233514
-0.3706550846228511	-0.11469060430424216
0.071738820902022	0.011275017304196333
-0.10337733762788726	0.23226418017938166
0.23116717028724798	0.22202218951956643
-0.4275283674716136	0.1136355252711575
0.00992027782645366	0.4230263844881643
-0.04060714682495492	0.4481522971448394
0.22228151476257785	0.4538199986475522
0.19390935178728275	-0.05436103662857206
0.02232385446232954	-0.22727718410330677
-0.4597287701179045	-0.2846561322600597
-0.07197810360905788	-0.4744691078386901
-0.2275949225812811	0.3185941313015751
0.18532514481026263	0.43665699103949795
0.09584181026991845	-0.26682621212927116
-0.1627826398548894	-0.37513854440469696
-0.24809579467898446	0.399456845429326
-0.48287809717135477	-0.4376888820967665
-0.42309600326344077	-0.4777801518346615
-0.32383008454089934	0.4204394846318783
0.09180203536653775	-0.3880352647402183
-0.1917408574521663	-0.2101271995545001
0.280299938399183	-0.0071777420089826904
0.07146557515364538	-0.245626799961575
-0.17036559621057168	0.4906171628416045
0.06671999819026397	-0.49865626900126325
0.20632194663420156	-0.3488215425911375
0.058243025302268325	0.3475505613409914
0.3385283837922435	0.4665861168738964
0.14703193880863807	-0.22804920610213264
-0.16928157594312154	0.02843236513981806
-0.11874146296637522	0.2908311551784917
0.17382025472717644	0.20716040985065276
-0.46189083966278277	-0.47526855606336726
0.0091214954715656	-0.2844667480877908
0.18756141549051641	-0.23058202453671583
0.2317633842933149	0.06707337817635217
-0.37629455626243113	0.13487974015342696
0.4226488907785376	-0.23646857726189308
-0.4071982519831028	-0.42284467107300794
0.05184045989745811	0.02212407230167024
-0.2684707248952467	-0.3805893895589464
0.4867568096318736	-0.15410363435867025
0.05920263772561907	0.32492157586094517
-0.10035485648728182	-0.12749471599062523
0.2791114087548867	0.24436722355420493
-0.29145776392304623	-0.015234572799165402
0.36273913418325987	-0.15668068194300866
0.06255286821896233	0.15143022787813754
0.46572989258627295	0.4803544671283462
-0.2302592408009999	-0.4417410476769563
0.28423487451897256	-0.373399782582967
0.4288633893495296	-0.4567932907993705
0.21135327890009248	0.49872619275637475
-0.4394433405081123	-0.2553451752198178
-0.23121150591265704	-0.17508278729610782
-0.3651590078511141	0.3916458843549784
0.2163505549153495	0.32786924545262297
-0.39089073263322016	0.45250485119865214
0.4507362654347473	-0.43398574423646286
-0.07507257996094352	0.01630939375367113
0.43820366921112575	-0.2890509934653914
-0.47369854075030093	0.03356977874913003
0.06836546191357051	-0.06368237084817585
-0.03891783199765031	-0.32575584556616544
0.03275798762177995	-0.08089131104569491
0.466817819191212	-0.3681261505204271
-0.1967144040742832	-0.17276242113942597
-0.06521028949767493	-0.07819033843040735
-0.3742037043863612	-0.39356024986007243
0.06702729560181797	-0.3490478905731824
