0.4791666666666667
-0.2074852529900218
-0.01863389981249825
0.02066993211769211
0
-0.003238891396831445
0
0.001134663089709204
0
-0.0005320921561939299
0
0.0002927143263740674
0
-0.0001783957359480274
0
0.000116816345197926
0
-0.00008068079080421878
0
0.00005806801842153967
0
-0.00004318934422346181
0
0.0000329967802156439
0
-0.00002577917332670846
0
0.00002052446401142839
0
-0.00001660758622482998
0
0.00001362811005059532
0
-0.00001132135101338713
0
9.507539226977364e-6
0
-8.061642439001994e-6
0
6.894855990714787e-6
0
-5.942918135665508e-6
0
5.158543573432228e-6
0
-4.506410939618832e-6
0
3.959773548767212e-6
0
-3.498124925731204e-6
0
3.105563603181146e-6
0
-2.769630018964078e-6
0
2.480467498126014e-6
0
-2.230209137208003e-6
0
2.0125243852619e-6
0
-1.82227999714718e-6
0
1.65528389215745e-6
0
-1.508089785898269e-6
0
1.377846839544661e-6
0
-1.262182982569114e-6
0
1.159113654926427e-6
0
-1.066969903259212e-6
0
9.843413323716151e-7
0
-9.100305459454696e-7
0
8.43016537159398e-7
0
-7.824250985631857e-7
0
7.275047725026842e-7
0
-6.776072016148537e-7
0
6.321709939371445e-7
0
-5.907084108398432e-7
0
5.527943340560002e-7
0
-5.180570820183758e-7
0
4.861707339236522e-7
0
-4.568486886396824e-7
0
4.298382393690865e-7
0
-4.049159873386814e-7
0
3.818839513032907e-7
0
-3.605662563084316e-7
0
3.408063064542472e-7
0
-3.224643634967221e-7
0
3.054154669011212e-7
0
-2.895476421158258e-7
0
2.747603528988472e-7
0
-2.60963160924045e-7
0
2.48074561949342e-7
0
-2.360209728054253e-7
0
2.247358475669837e-7
0
-2.141589046637902e-7
0
2.042354495071933e-7
0
-1.949157795541974e-7
0
1.86154660691092e-7
0
-1.779108654600853e-7
0
1.701467650311707e-7
0
-1.628279679827314e-7
0
1.559229999350552e-7
0
-1.494030189112204e-7
0
1.432415620045181e-7
0
-1.374143195311557e-7
0
1.318989333583019e-7
0
-1.266748165345872e-7
0
1.217229917245719e-7
0
-1.170259462701063e-7
0
1.125675019780219e-7
0
-1.083326979719502e-7
0
1.043076851519541e-7
0
-1.004796309838302e-7
0
9.683663349442898e-8
0
-9.336764348352989e-8
0
9.006239407957925e-8
0
-8.691133686838919e-8
0
8.390558391277397e-8
0
-8.103685505883683e-8
0
7.829742999271968e-8
0
-7.568010457137964e-8
0
7.317815100346413e-8
0
-7.07852815025678e-8
0
6.849561507588453e-8
0
-6.630364714721831e-8
0
6.420422174509253e-8
0
-6.219250601482237e-8
0
6.026396683834194e-8
0
-5.841434936769885e-8
0
5.663965729778612e-8
0
-5.493613472137015e-8
0
5.330024942505254e-8
0
-5.172867749869846e-8
0
5.021828914327119e-8
0
-4.876613557310398e-8
0
4.736943691856681e-8
0
-4.602557104397962e-8
0
4.473206320360072e-8
0
-4.348657646568218e-8
0
4.228690284102188e-8
0
-4.11309550582351e-8
0
4.001675893318566e-8
0
-3.894244628472061e-8
0
3.790624835309741e-8
0
-3.690648968132642e-8
0
3.594158242311886e-8
0
-3.50100210442671e-8
0
3.411037738712608e-8
0
-3.324129607044061e-8
0
3.240149019910094e-8
0
-3.158973736053156e-8
0
3.080487588634775e-8
0
-3.004580135966918e-8
0
2.931146335007781e-8
0
-2.860086235966287e-8
0
2.791304696492322e-8
0
-2.724711114050829e-8
0
2.660219175188535e-8
0
-2.597746620503119e-8
0
2.537215024217116e-8
0
-2.478549587343439e-8
0
2.4216789435069e-8
0
-2.366534976557126e-8
0
2.313052649173412e-8
0
-2.261169841721802e-8
0
2.210827200679628e-8
0
-2.161967995993152e-8
0
2.114537986780355e-8
0
-2.068485294833607e-8
0
2.023760285416256e-8
0
-1.980315454883369e-8
0
1.938105324690244e-8
0
-1.897086341383105e-8
0
1.857216782194784e-8
0
-1.818456665894471e-8
0
1.780767668564814e-8
0
-1.744113044002118e-8
0
1.708457548456068e-8
0
-1.67376736944466e-8
0
1.640010058397726e-8
0
-1.607154466898977e-8
0
1.575170686311688e-8
0
-1.544029990587354e-8
0
1.513704782069766e-8
0
-1.48416854011915e-8
0
1.45539577239236e-8
0
-1.42736196862564e-8
0
1.400043556776239e-8
0
-1.373417861388333e-8
0
1.347463064057103e-8
0
-1.322158165872798e-8
0
1.29748295173389e-8
0
-1.27341795642534e-8
0
1.249944432364356e-8
0
-1.227044318921981e-8
0
1.204700213234437e-8
0
-1.18289534242332e-8
0
1.161613537148609e-8
0
-1.140839206422974e-8
0
1.120557313620114e-8
0
-1.100753353613818e-8
0
1.081413330988141e-8
0
-1.062523739262577e-8
0
1.044071541079332e-8
0
-1.026044149302871e-8
0
1.008429408984747e-8
0
-9.912155801494108e-9
0
9.743913213591748e-9
0
-9.579456740189048e-9
0
9.418680473831734e-9
0
-9.261482042307118e-9
0
9.107762471729291e-9
0
-8.957426055651014e-9
0
8.810380229905479e-9
0
-8.666535452897303e-9
0
8.525805091077283e-9
0
-8.388105309349725e-9
0
8.253354966174659e-9
0
-8.121475513139835e-9
0
7.992390898789408e-9
0
-7.86602747650737e-9
0
7.742313916264442e-9
0
-7.621181120047062e-9
0
7.502562140796553e-9
0
-7.386392104695401e-9
0
7.272608136645969e-9
0
-7.161149288794853e-9
0
7.05195647196357e-9
0
-6.94497238985329e-9
0
6.840141475898002e-9
0
-6.737409832646771e-9
0
6.636725173561709e-9
0
-6.538036767123887e-9
0
6.441295383144741e-9
0
-6.346453241185539e-9
0
6.253463960992263e-9
0
-6.162282514857722e-9
0
6.072865181827021e-9
0
-5.985169503666508e-9
0
5.899154242520184e-9
0
-5.81477934018116e-9
0
5.732005878909185e-9
0
-5.650796043728543e-9
0
5.571113086143678e-9
0
-5.492921289212867e-9
0
5.416185933923015e-9
0
-5.340873266811296e-9
0
5.26695046878187e-9
0
-5.194385625068275e-9
0
5.123147696294365e-9
0
-5.053206490588792e-9
0
4.984532636710082e-9
0
-4.917097558141289e-9
0
4.850873448115052e-9
0
-4.785833245531623e-9
0
4.721950611734119e-9
0
-4.659199908106807e-9
0
4.597556174463772e-9
0
-4.536995108196715e-9
0
4.477493044152026e-9
0
-4.41902693520856e-9
0
4.361574333528785e-9
0
-4.30511337245715e-9
0
4.249622749040647e-9
0
-4.195081707147612e-9
0
4.14147002116183e-9
0
-4.088767980229967e-9
0
4.036956373041322e-9
0
-3.986016473119713e-9
0
3.935930024608225e-9
0
-3.886679228528287e-9
0
3.838246729495373e-9
0
-3.79061560287431e-9
0
3.743769342357892e-9
0
-3.697691847953194e-9
0
3.652367414360556e-9
0
-3.607780719730896e-9
0
3.563916814787517e-9
0
-3.520761112299197e-9
0
3.478299376891829e-9
0
-3.436517715186422e-9
0
3.395402566251751e-9
0
-3.354940692360396e-9
0
3.315119170037382e-9
0
-3.275925381391026e-9
0
3.237347005716035e-9
0
-3.199372011359259e-9
0
3.161988647838914e-9
0
-3.125185438208396e-9
0
3.088951171656201e-9
0
-3.053274896333764e-9
0
3.018145912403342e-9
0
-2.983553765298385e-9
0
2.949488239189116e-9
0
-2.915939350646302e-9
0
2.882897342496509e-9
0
-2.850352677862318e-9
0
2.8182960343813e-9
0
-2.786718298597705e-9
0
2.755610560521113e-9
0
-2.724964108346452e-9
0
2.694770423330032e-9
0
-2.665021174816426e-9
0
2.635708215411216e-9
0
-2.606823576294812e-9
0
2.578359462672726e-9
0
-2.550308249357836e-9
0
2.522662476480362e-9
0
-2.495414845321405e-9
0
2.468558214266061e-9
0
-2.442085594872271e-9
0
2.415990148051688e-9
0
-2.390265180358983e-9
0
2.364904140386143e-9
0
-2.339900615258431e-9
0
2.315248327228792e-9
0
-2.290941130367599e-9
0
2.26697300734476e-9
0
-2.243338066301287e-9
0
2.220030537807538e-9
0
-2.19704477190545e-9
0
2.174375235232145e-9
0
-2.152016508222426e-9
0
2.1299632823877e-9
0
-2.108210357669032e-9
0
2.086752639862021e-9
0
-2.065585138111345e-9
0
2.044702962472849e-9
0
-2.024101321541137e-9
0
2.003775520140686e-9
0
-1.983720957078594e-9
0
1.963933122957095e-9
0
-1.944407598044078e-9
0
1.925140050199872e-9
0
-1.906126232858632e-9
0
1.887361983062729e-9
0
-1.868843219548552e-9
0
1.850565940882249e-9
0
-1.832526223643923e-9
0
1.814720220658878e-9
0
-1.797144159274547e-9
0
1.779794339681781e-9
0
-1.762667133279219e-9
0
1.74575898107949e-9
0
-1.729066392156063e-9
0
1.712585942129566e-9
0
-1.696314271692463e-9
0
1.680248085170987e-9
0
-1.664384149123285e-9
0
1.648719290972744e-9
0
-1.633250397675509e-9
0
1.617974414421244e-9
0
-1.602888343366187e-9
0
1.587989242397614e-9
0
-1.573274223928835e-9
0
1.558740453723874e-9
0
-1.544385149751011e-9
0
1.530205581064398e-9
0
-1.516199066712969e-9
0
1.502362974675905e-9
0
-1.488694720823925e-9
0
1.475191767905699e-9
0
-1.461851624558707e-9
0
1.448671844343874e-9
0
-1.435650024803352e-9
0
1.422783806540813e-9
0
-1.410070872323659e-9
0
1.397508946206563e-9
0
-1.385095792675766e-9
0
1.372829215813585e-9
0
-1.360707058482593e-9
0
1.348727201528955e-9
0
-1.336887563004409e-9
0
1.325186097406411e-9
0
-1.313620794935965e-9
0
1.302189680772664e-9
0
-1.290890814366525e-9
0
1.279722288746141e-9
0
-1.268682229842769e-9
0
1.257768795829905e-9
0
-1.246980176477979e-9
0
1.236314592523762e-9
0
-1.225770295054115e-9
0
1.215345564903716e-9
0
-1.205038712066406e-9
0
1.194848075119813e-9
0
-1.184772020662906e-9
0
1.174808942766178e-9
0
-1.164957262434105e-9
0
1.155215427079606e-9
0
-1.145581910010186e-9
0
1.136055209925468e-9
0
-1.126633850425852e-9
0
1.117316379531991e-9
0
-1.108101369214852e-9
0
1.098987414936072e-9
0
-1.089973135198376e-9
0
1.0810571711058e-9
0
-1.072238185933475e-9
0
1.063514864706754e-9
0
-1.054885913789438e-9
0
1.046350060480889e-9
0
-1.037906052621817e-9
0
1.029552658208523e-9
0
-1.0212886650154e-9
0
1.013112880225492e-9
0
-1.005024130068925e-9
0
9.970212594690052e-10
0
-9.89103131695823e-10
0
9.812686280271639e-10
0
-9.735166474165702e-10
0
9.658461061683735e-10
0
-9.582559376195383e-10
0
9.507450918281556e-10
0
-9.4331253526843e-10
0
9.359572505320097e-10
0
-9.286782360355097e-10
0
9.214745057340858e-10
0
-9.143450888409172e-10
0
9.072890295524631e-10
0
-9.003053867793573e-10
0
8.933932338828136e-10
0
-8.865516584164134e-10
0
8.79779761873153e-10
0
-8.730766594376305e-10
0
8.664414797432549e-10
0
-8.59873364634363e-10
0
8.53371468933133e-10
0
-8.469349602111865e-10
0
8.405630185657724e-10
0
-8.342548364004305e-10
0
8.280096182100327e-10
0
-8.218265803701059e-10
0
8.157049509303387e-10
0
-8.096439694121801e-10
0
8.036428866104386e-10
0
-7.977009643987934e-10
0
7.918174755391302e-10
0
-7.859917034946185e-10
0
7.802229422464472e-10
0
-7.745104961141377e-10
0
7.688536795793576e-10
0
-7.632518171131572e-10
0
7.577042430065541e-10
0
-7.522103012043944e-10
0
7.467693451424177e-10
0
-7.413807375874581e-10
0
7.36043850480712e-10
0
-7.307580647840081e-10
0
7.255227703290137e-10
0
-7.203373656693156e-10
0
7.152012579353128e-10
0
-7.101138626918626e-10
0
7.050746037986194e-10
0
-7.000829132730114e-10
0
6.951382311557975e-10
0
-6.902400053791499e-10
0
6.853876916372112e-10
0
-6.805807532590706e-10
0
6.758186610841118e-10
0
-6.711008933396802e-10
0
6.664269355210231e-10
0
-6.617962802734535e-10
0
6.572084272766932e-10
0
-6.526628831313485e-10
0
6.481591612474754e-10
0
-6.436967817351896e-10
0
6.392752712972821e-10
0
-6.34894163123795e-10
0
6.305529967885217e-10
0
-6.262513181473882e-10
0
6.219886792386805e-10
0
-6.177646381850774e-10
0
6.135787590974547e-10
0
-6.094306119804225e-10
0
6.053197726395629e-10
0
-6.012458225903314e-10
0
5.972083489685902e-10
0
-5.932069444427403e-10
0
5.892412071274192e-10
0
-5.853107404987345e-10
0
5.814151533110016e-10
0
-5.77554059514956e-10
0
5.737270781774105e-10
0
-5.699338334023296e-10
0
5.661739542532916e-10
0
-5.624470746773122e-10
0
5.587528334300022e-10
0
-5.550908740020333e-10
0
5.514608445468863e-10
0
-5.47862397809856e-10
0
5.442951910582899e-10
0
-5.407588860130342e-10
0
5.372531487810662e-10
0
-5.33777649789288e-10
0
5.303320637194599e-10
0
-5.269160694442523e-10
0
5.235293499643925e-10
0
-5.201715923468871e-10
0
5.168424876642987e-10
0
-5.135417309350571e-10
0
5.102690210647835e-10
0
-5.070240607886119e-10
0
5.038065566144843e-10
0
-5.006162187674051e-10
0
4.974527611346344e-10
0
-4.943159012118021e-10
0
4.912053600499278e-10
0
-4.881208622033262e-10
0
4.850621356783844e-10
0
-4.820289118831922e-10
0
4.790209255780118e-10
0
-4.760379148265686e-10
0
4.730796209481507e-10
0
-4.701457884704992e-10
0
4.672361650834769e-10
0
-4.643505015934997e-10
0
4.614885518787168e-10
0
-4.586500728449266e-10
0
4.558348243822134e-10
0
-4.530425693222928e-10
0
4.502730733965528e-10
0
-4.475261051947772e-10
0
4.448014361245385e-10
0
-4.420988403712502e-10
0
4.394180948588636e-10
0
-4.367589792111998e-10
0
4.341212757139037e-10
0
-4.315047692770105e-10
0
4.289092473981114e-10
0
-4.263345001261099e-10
0
4.237803200255569e-10
0][k+1]
